[(4, 1), (2, 3), (4, 9), (8, 1), (8, 10), (10, 1), (4, 8), (10, 0), (8, 9), (13, 2), (1, 13), (10, 3), (13, 4), (0, 13), (3, 9), (8, 7), (11, 3), (18, 2), (18, 10), (1, 15), (2, 16), (17, 9), (11, 0), (12, 9), (13, 19), (2, 6), (11, 17), (3, 19), (17, 15), (24, 16), (12, 24), (6, 4), (16, 7), (24, 15), (0, 22), (0, 14), (7, 5), (12, 14), (15, 21), (22, 18), (20, 16), (5, 12), (22, 11), (17, 21), (18, 20), (5, 14), (24, 23), (19, 21), (7, 23), (20, 6)]
The lower boundary for this netlist: 475

Length of path # 1 : 4
3 10 0
4 10 0
4 11 0
5 11 0
6 11 0
Length of path # 2 : 7
10 11 0
10 12 0
11 12 0
12 12 0
13 12 0
14 12 0
15 12 0
15 11 0
Length of path # 3 : 5
3 10 0
3 9 0
2 9 0
1 9 0
1 8 0
1 7 0
Length of path # 4 : 5
8 8 0
7 8 0
7 9 0
6 9 0
6 10 0
6 11 0
Length of path # 5 : 5
8 8 0
8 7 0
7 7 0
6 7 0
5 7 0
4 7 0
Length of path # 6 : 8
4 7 0
4 8 0
4 8 1
5 8 1
6 8 1
6 9 1
6 10 1
6 11 1
6 11 0
Length of path # 7 : 11
3 10 0
3 10 1
4 10 1
5 10 1
5 10 2
6 10 2
7 10 2
7 10 1
8 10 1
8 9 1
8 8 1
8 8 0
Length of path # 8 : 9
4 7 0
4 7 1
3 7 1
3 8 1
2 8 1
2 9 1
1 9 1
1 10 1
1 11 1
1 11 0
Length of path # 9 : 14
8 8 0
9 8 0
9 7 0
9 7 1
9 6 1
8 6 1
7 6 1
6 6 1
5 6 1
4 6 1
3 6 1
2 6 1
2 6 0
1 6 0
1 7 0
Length of path # 10 : 11
13 5 0
13 6 0
13 6 1
12 6 1
11 6 1
10 6 1
10 7 1
10 8 1
10 9 1
10 10 1
10 11 1
10 11 0
Length of path # 11 : 17
6 11 0
7 11 0
8 11 0
8 11 1
8 11 2
9 11 2
9 10 2
10 10 2
10 9 2
10 8 2
11 8 2
12 8 2
12 7 2
12 6 2
12 5 2
13 5 2
13 5 1
13 5 0
Length of path # 12 : 23
4 7 0
4 6 0
4 5 0
4 5 1
5 5 1
6 5 1
7 5 1
8 5 1
9 5 1
10 5 1
11 5 1
12 5 1
12 4 1
13 4 1
14 4 1
14 5 1
14 6 1
14 7 1
14 8 1
15 8 1
15 9 1
15 10 1
15 11 1
15 11 0
Length of path # 13 : 23
13 5 0
14 5 0
14 6 0
14 7 0
13 7 0
13 7 1
13 8 1
13 9 1
13 10 1
13 11 1
13 12 1
12 12 1
11 12 1
10 12 1
9 12 1
8 12 1
7 12 1
6 12 1
5 12 1
4 12 1
3 12 1
3 12 0
3 11 0
3 10 0
Length of path # 14 : 26
1 11 0
2 11 0
2 11 1
2 11 2
3 11 2
4 11 2
4 10 2
4 9 2
5 9 2
5 8 2
5 7 2
6 7 2
6 6 2
7 6 2
7 5 2
8 5 2
9 5 2
10 5 2
10 4 2
10 3 2
11 3 2
12 3 2
12 3 1
13 3 1
13 3 0
13 4 0
13 5 0
Length of path # 15 : 26
15 11 0
16 11 0
16 10 0
16 10 1
16 10 2
16 9 2
15 9 2
15 8 2
15 8 3
14 8 3
13 8 3
12 8 3
11 8 3
10 8 3
9 8 3
8 8 3
7 8 3
6 8 3
5 8 3
4 8 3
3 8 3
3 8 2
2 8 2
1 8 2
1 7 2
1 7 1
1 7 0
Length of path # 16 : 5
8 8 0
8 9 0
9 9 0
10 9 0
11 9 0
12 9 0
Length of path # 17 : 8
11 7 0
11 8 0
12 8 0
13 8 0
14 8 0
15 8 0
15 9 0
15 10 0
15 11 0
Length of path # 18 : 14
11 4 0
11 4 1
11 4 2
11 5 2
11 6 2
10 6 2
10 7 2
9 7 2
9 8 2
9 9 2
9 9 1
9 10 1
9 11 1
9 11 0
10 11 0
Length of path # 19 : 16
11 4 0
11 3 0
10 3 0
10 3 1
9 3 1
8 3 1
7 3 1
6 3 1
5 3 1
4 3 1
4 4 1
3 4 1
3 5 1
3 5 0
3 6 0
3 7 0
4 7 0
Number of paths found: 19 / 50
The total length is: 237
