[(4, 1), (2, 3), (4, 9), (8, 1), (8, 10), (10, 1), (4, 8), (10, 0), (8, 9), (13, 2), (1, 13), (10, 3), (13, 4), (0, 13), (3, 9), (8, 7), (11, 3), (18, 2), (18, 10), (1, 15), (2, 16), (17, 9), (11, 0), (12, 9), (13, 19), (2, 6), (11, 17), (3, 19), (17, 15), (24, 16), (12, 24), (6, 4), (16, 7), (24, 15), (0, 22), (0, 14), (7, 5), (12, 14), (15, 21), (22, 18), (20, 16), (5, 12), (22, 11), (17, 21), (18, 20), (5, 14), (24, 23), (19, 21), (7, 23), (20, 6)]
The lower boundary for this netlist: 475

Length of path # 1 : 4
3 10 0
4 10 0
5 10 0
6 10 0
6 11 0
Length of path # 2 : 7
10 11 0
10 12 0
11 12 0
12 12 0
13 12 0
14 12 0
15 12 0
15 11 0
Length of path # 3 : 5
3 10 0
3 9 0
2 9 0
1 9 0
1 8 0
1 7 0
Length of path # 4 : 5
8 8 0
8 9 0
7 9 0
7 10 0
7 11 0
6 11 0
Length of path # 5 : 5
8 8 0
7 8 0
7 7 0
6 7 0
5 7 0
4 7 0
Length of path # 6 : 8
4 7 0
4 8 0
5 8 0
5 9 0
5 9 1
6 9 1
6 10 1
6 11 1
6 11 0
Length of path # 7 : 9
3 10 0
3 10 1
4 10 1
4 9 1
4 8 1
5 8 1
6 8 1
7 8 1
8 8 1
8 8 0
Length of path # 8 : 9
4 7 0
4 7 1
3 7 1
3 8 1
2 8 1
2 9 1
1 9 1
1 10 1
1 11 1
1 11 0
Length of path # 9 : 12
8 8 0
8 7 0
8 7 1
7 7 1
6 7 1
6 6 1
5 6 1
4 6 1
3 6 1
2 6 1
1 6 1
1 7 1
1 7 0
Length of path # 10 : 11
13 5 0
13 6 0
13 7 0
13 7 1
13 8 1
12 8 1
11 8 1
10 8 1
10 9 1
10 10 1
10 11 1
10 11 0
Length of path # 11 : 17
6 11 0
6 12 0
7 12 0
8 12 0
8 12 1
8 11 1
8 10 1
9 10 1
9 9 1
9 8 1
9 7 1
9 6 1
10 6 1
11 6 1
12 6 1
13 6 1
13 5 1
13 5 0
Length of path # 12 : 21
4 7 0
4 6 0
5 6 0
6 6 0
7 6 0
7 6 1
7 6 2
8 6 2
9 6 2
9 7 2
9 8 2
10 8 2
10 9 2
11 9 2
11 10 2
11 11 2
12 11 2
13 11 2
14 11 2
15 11 2
15 11 1
15 11 0
Length of path # 13 : 21
13 5 0
12 5 0
12 5 1
12 5 2
11 5 2
10 5 2
9 5 2
8 5 2
7 5 2
6 5 2
6 6 2
6 7 2
5 7 2
5 8 2
5 9 2
5 10 2
4 10 2
4 11 2
3 11 2
3 11 1
3 11 0
3 10 0
Length of path # 14 : 24
1 11 0
2 11 0
2 11 1
2 11 2
2 10 2
2 9 2
3 9 2
3 8 2
3 7 2
3 6 2
4 6 2
5 6 2
5 5 2
5 4 2
6 4 2
7 4 2
8 4 2
9 4 2
10 4 2
11 4 2
12 4 2
13 4 2
13 4 1
13 4 0
13 5 0
Length of path # 15 : 26
15 11 0
16 11 0
16 11 1
16 10 1
16 9 1
15 9 1
15 8 1
14 8 1
14 7 1
14 7 2
13 7 2
12 7 2
12 7 3
11 7 3
10 7 3
9 7 3
8 7 3
7 7 3
6 7 3
5 7 3
4 7 3
3 7 3
2 7 3
2 7 2
2 7 1
2 7 0
1 7 0
Length of path # 16 : 5
8 8 0
9 8 0
9 9 0
10 9 0
11 9 0
12 9 0
Length of path # 17 : 8
11 7 0
11 8 0
12 8 0
13 8 0
14 8 0
15 8 0
15 9 0
15 10 0
15 11 0
Length of path # 18 : 20
11 4 0
11 4 1
11 3 1
11 3 2
11 3 3
11 4 3
11 5 3
11 6 3
10 6 3
10 6 4
10 7 4
10 8 4
10 8 3
9 8 3
9 9 3
9 10 3
9 11 3
9 11 2
9 11 1
9 11 0
10 11 0
Length of path # 19 : 14
11 4 0
11 5 0
10 5 0
10 5 1
9 5 1
8 5 1
7 5 1
6 5 1
5 5 1
4 5 1
3 5 1
3 5 0
3 6 0
3 7 0
4 7 0
Length of path # 20 : 19
6 11 0
5 11 0
5 11 1
5 11 2
5 11 3
5 10 3
5 9 3
5 8 3
5 8 4
5 7 4
5 6 4
5 6 3
4 6 3
4 5 3
4 5 2
4 4 2
4 4 1
3 4 1
2 4 1
2 4 0
Length of path # 21 : 21
10 11 0
11 11 0
11 11 1
11 12 1
11 12 2
11 12 3
11 11 3
11 10 3
11 9 3
11 8 3
11 8 2
11 7 2
10 7 2
10 7 1
10 7 0
9 7 0
9 6 0
8 6 0
8 5 0
7 5 0
6 5 0
6 4 0
Length of path # 22 : 17
9 4 0
9 4 1
8 4 1
8 3 1
8 3 2
7 3 2
6 3 2
5 3 2
4 3 2
3 3 2
3 4 2
3 5 2
2 5 2
1 5 2
1 5 1
1 5 0
1 6 0
1 7 0
Number of paths found: 22 / 50
The total length is: 288
