[(4, 1), (2, 3), (4, 9), (8, 1), (8, 10), (10, 1), (4, 8), (10, 0), (8, 9), (13, 2), (1, 13), (10, 3), (13, 4), (0, 13), (3, 9), (8, 7), (11, 3), (18, 2), (18, 10), (1, 15), (2, 16), (17, 9), (11, 0), (12, 9), (13, 19), (2, 6), (11, 17), (3, 19), (17, 15), (24, 16), (12, 24), (6, 4), (16, 7), (24, 15), (0, 22), (0, 14), (7, 5), (12, 14), (15, 21), (22, 18), (20, 16), (5, 12), (22, 11), (17, 21), (18, 20), (5, 14), (24, 23), (19, 21), (7, 23), (20, 6)]
The lower boundary for this netlist: 475

Length of path # 1 : 4
3 10 0
4 10 0
5 10 0
6 10 0
6 11 0
Length of path # 2 : 7
10 11 0
10 12 0
11 12 0
12 12 0
13 12 0
14 12 0
15 12 0
15 11 0
Length of path # 3 : 5
3 10 0
3 9 0
2 9 0
1 9 0
1 8 0
1 7 0
Length of path # 4 : 5
8 8 0
8 9 0
7 9 0
7 10 0
7 11 0
6 11 0
Length of path # 5 : 5
8 8 0
7 8 0
6 8 0
5 8 0
4 8 0
4 7 0
Length of path # 6 : 8
4 7 0
4 7 1
4 8 1
4 9 1
5 9 1
5 10 1
6 10 1
6 11 1
6 11 0
Length of path # 7 : 11
3 10 0
3 10 1
3 10 2
4 10 2
5 10 2
6 10 2
7 10 2
7 9 2
7 9 1
7 8 1
8 8 1
8 8 0
Length of path # 8 : 9
4 7 0
3 7 0
3 8 0
3 8 1
2 8 1
2 9 1
1 9 1
1 10 1
1 11 1
1 11 0
Length of path # 9 : 12
8 8 0
8 7 0
8 7 1
7 7 1
7 6 1
6 6 1
5 6 1
4 6 1
3 6 1
2 6 1
2 7 1
1 7 1
1 7 0
Length of path # 10 : 11
13 5 0
13 6 0
12 6 0
12 6 1
11 6 1
10 6 1
10 7 1
10 8 1
10 9 1
10 10 1
10 11 1
10 11 0
Length of path # 11 : 17
6 11 0
6 12 0
6 12 1
7 12 1
8 12 1
9 12 1
10 12 1
11 12 1
12 12 1
13 12 1
13 11 1
13 10 1
13 9 1
13 8 1
13 7 1
13 6 1
13 5 1
13 5 0
Length of path # 12 : 19
4 7 0
5 7 0
6 7 0
6 7 1
6 7 2
7 7 2
8 7 2
9 7 2
10 7 2
10 8 2
11 8 2
12 8 2
13 8 2
13 9 2
14 9 2
15 9 2
15 10 2
15 11 2
15 11 1
15 11 0
Length of path # 13 : 21
13 5 0
12 5 0
12 5 1
12 5 2
11 5 2
11 6 2
10 6 2
9 6 2
8 6 2
7 6 2
6 6 2
5 6 2
5 7 2
5 8 2
5 9 2
4 9 2
3 9 2
2 9 2
2 10 2
2 10 1
2 10 0
3 10 0
Length of path # 14 : 26
1 11 0
2 11 0
2 11 1
2 11 2
3 11 2
4 11 2
5 11 2
5 11 3
5 10 3
5 9 3
6 9 3
7 9 3
8 9 3
9 9 3
10 9 3
10 8 3
11 8 3
12 8 3
12 7 3
12 6 3
13 6 3
13 6 2
14 6 2
14 6 1
14 5 1
14 5 0
13 5 0
Length of path # 15 : 28
15 11 0
16 11 0
16 11 1
16 12 1
16 12 2
15 12 2
14 12 2
13 12 2
12 12 2
11 12 2
10 12 2
9 12 2
8 12 2
7 12 2
6 12 2
5 12 2
4 12 2
3 12 2
2 12 2
1 12 2
0 12 2
0 11 2
0 10 2
0 10 1
0 9 1
0 8 1
0 7 1
0 7 0
1 7 0
Length of path # 16 : 5
8 8 0
9 8 0
10 8 0
10 9 0
11 9 0
12 9 0
Length of path # 17 : 8
11 7 0
12 7 0
13 7 0
14 7 0
14 8 0
15 8 0
15 9 0
15 10 0
15 11 0
Length of path # 18 : 12
11 4 0
11 4 1
10 4 1
10 5 1
9 5 1
9 6 1
9 7 1
9 8 1
9 9 1
9 10 1
9 11 1
9 11 0
10 11 0
Length of path # 19 : 10
11 4 0
11 5 0
10 5 0
10 6 0
9 6 0
8 6 0
7 6 0
6 6 0
5 6 0
4 6 0
4 7 0
Number of paths found: 19 / 50
The total length is: 223
